Original matrix:
[ 1		-2 		3		 -4]
[-5		 6		-7	  	8]
[-4		 3     -2		 1]
[ 8	 	-7  		6 	  -5]

1. R4 += 2R3
[ 1		-2 		3		-4]
[-5		 6		-7		8]
[-4		 3     	-2		 1]
[ 0	 	-1  	2 		-3]

2. swap R2 w R4
[ 1		-2 		3		 -4]
[ 0	 	-1  		2 	  -3]
[-5		  6		-7	  	8]
[-4		  3     -2		 1]

3. R3 += 5R1
[ 1		-2 		3		 -4]
[ 0	 	-1  		2 	  -3]
[0	   -4		8	  	 -12]
[-4		  3     -2		 1]

4. R4 = R4 + 4*R1
[ 1		-2 		3		  -4]
[ 0	 	-1  		2 	  -3]
[0	   -4		8	  	 -12]
[0	   -5    10   -15]

5. R4 = R4 + (-)5 * R2
[ 1		-2 		3		  -4]
[ 0	 	-1  		2 	  -3]
[0	   -4		8	  	 -12]
[0	   0       0        0]

6. R3 = R3 + (-)4 * R2
[ 1		-2 		3		  -4]
[ 0	 	-1  		2 	  -3]
[0	   0		 0 	 		0]
[0	   0       0        0]






Rules of the game
1. rescale
2. add a multiple of a row to another
3. swap
